kappa=0.98 Phi_l=2.0e-03 c=0.085 q=3.39e-02
   t       pp-s        pm-s     minSw(cap=s)/t   minSw(near-opt)/t
3.00e-03  -4.04e-06  -4.46e-06   23.4251          23.8675
4.45e-03  -9.16e-06  -9.80e-06   16.6195          17.0545
6.59e-03  -2.06e-05  -2.15e-05   11.4955          11.9286
9.77e-03  -4.60e-05  -4.73e-05   7.8004          8.2307
1.45e-02  -1.02e-04  -1.04e-04   5.1965          5.6274
2.15e-02  -2.26e-04  -2.28e-04   3.3899          3.8208
3.18e-02  -5.00e-04  -5.01e-04   2.1485          2.5794
4.72e-02  -1.10e-03  -8.36e-04   1.3007          1.6171
6.99e-02  -2.43e-03  -1.66e-04   0.7243          0.7106
1.04e-01  -5.33e-03  -1.16e-04   0.3338          0.2977
1.54e-01  -1.17e-02  -2.09e-03   0.0705          0.1095
2.28e-01  -2.55e-02  -9.44e-03   0.0000          0.0238
3.37e-01  -5.53e-02  -2.96e-02   0.0000          0.0000
5.00e-01  -1.18e-01  -7.74e-02   0.0000          0.0000
