kappa=0.10 Phi_l=2.0e-03 c=0.040 q=3.47e-03
   t       pp-s        pm-s     minSw(cap=s)/t   minSw(near-opt)/t
3.00e-03  -4.49e-06  -4.49e-06   0.0000          0.0000
4.45e-03  -9.87e-06  -9.87e-06   0.0000          0.0000
6.59e-03  -2.17e-05  -2.17e-05   0.0000          0.0000
9.77e-03  -4.77e-05  -4.76e-05   0.0000          0.0000
1.45e-02  -1.05e-04  -1.05e-04   0.0000          0.0000
2.15e-02  -2.30e-04  -2.30e-04   0.0000          0.0000
3.18e-02  -5.06e-04  -5.05e-04   0.0000          0.0000
4.72e-02  -1.11e-03  -1.11e-03   0.0000          0.0336
6.99e-02  -2.44e-03  -1.70e-03   0.0000          0.0295
1.04e-01  -5.35e-03  -3.21e-03   0.0000          0.0000
1.54e-01  -1.17e-02  -7.51e-03   0.0000          0.0000
2.28e-01  -2.56e-02  -1.83e-02   0.0000          0.0000
3.37e-01  -5.54e-02  -4.35e-02   0.0000          0.0000
5.00e-01  -1.18e-01  -9.95e-02   0.0000          0.0000
